    2Theta     d (A)    Height      Area     FWHM
     4,246  10,76678    4543,7   22631,6    0,0250          
     4,786   9,55134    2660,0   13163,6    0,0250          
     5,408   8,45438    9094,7   43745,7    0,0250          
     6,070   7,53212     590,5    3540,0    0,0300          
     7,008   6,52517     870,1    5202,9    0,0300          
     7,353   6,21920    1751,2    8614,8    0,0250          
     7,773   5,88386     403,2    1993,3    0,0250          
     7,797   5,86613     323,0    1219,8    0,0200          
     8,469   5,40134    2096,2    9632,3    0,0250          
     8,497   5,38326    2534,6   12194,8    0,0250          
     9,099   5,02816     785,0    3878,9    0,0250          
     9,295   4,92198    2298,3   13776,2    0,0300          
     9,581   4,77573    3034,9   18146,5    0,0300          
     9,874   4,63440     328,3    1473,6    0,0250          
    10,176   4,49684      91,4     410,0    0,0250          
    10,828   4,22708    4638,2   22248,7    0,0250          
    10,895   4,20123    5611,4   33622,0    0,0300          
    10,953   4,17887     738,9    3644,1    0,0250          
    10,999   4,16160     992,1    4909,4    0,0250          
    11,094   4,12593    1098,3    5435,0    0,0250          
    11,171   4,09750    2263,3   11210,5    0,0250          
    11,426   4,00630    2092,2   10352,7    0,0250          
    11,551   3,96337     363,9    1814,1    0,0250          
    11,952   3,83083     703,2    3474,1    0,0250          
    12,160   3,76550     297,5    1784,3    0,0300          
    12,270   3,73177    1677,7   10066,4    0,0300          
    12,431   3,68352    2757,4   16435,6    0,0300          
    12,761   3,58881    8592,0   51363,0    0,0300          
    12,792   3,58016    2635,1   10162,6    0,0200          
    13,229   3,46233     555,9    2753,7    0,0250          
    13,311   3,44106   11164,4   66480,4    0,0300          
    13,503   3,39240     643,2    4159,6    0,0350          
    13,581   3,37294    2101,3   10418,3    0,0250          
    13,809   3,31762      91,4     453,0    0,0250          
    13,896   3,29692    1927,2    9578,5    0,0250          
    14,038   3,26380     123,3     613,0    0,0250          
    14,392   3,18389   11747,8   57754,6    0,0250          
    14,459   3,16915    1214,8    7257,7    0,0300          
    14,581   3,14279    8083,8   40177,3    0,0250          
    14,631   3,13210    8700,1   34563,1    0,0200          
    14,665   3,12493    7906,8   39520,7    0,0250          
    14,755   3,10592    1471,0    8825,7    0,0300          
    14,878   3,08047     668,6    3295,0    0,0250          
    14,922   3,07139    1187,8    5496,9    0,0250          
    15,582   2,94211    4901,7   24221,1    0,0250          
    15,629   2,93327    4642,0   27604,5    0,0300          
    15,820   2,89811     512,2    3069,9    0,0300          
    15,902   2,88314     522,9    2557,1    0,0250          
    16,060   2,85497     845,3    4225,1    0,0250          
    16,095   2,84883     623,4    3117,1    0,0250          
    16,151   2,83910     667,9    4001,5    0,0300          
    16,273   2,81796    1165,4    6769,2    0,0300          
    16,315   2,81060    4163,0   24940,3    0,0300          
    16,410   2,79448     769,8    4617,6    0,0300          
    16,634   2,75714     794,2    4734,1    0,0300          
    16,826   2,72589    3083,4   18390,5    0,0300          
    16,885   2,71637    2683,5   16084,3    0,0300          
    16,957   2,70497     672,4    3287,0    0,0250          
    17,051   2,69024     499,1    2990,7    0,0300          
    17,411   2,63503     433,7    1721,4    0,0250          
    17,437   2,63111     697,0    3293,3    0,0250          
    17,619   2,60405     278,1    1665,7    0,0300          
    17,665   2,59740     265,1    1255,0    0,0300          
    17,722   2,58916     683,1    4048,0    0,0300          
    17,812   2,57607     196,5    1132,4    0,0300          
    18,071   2,53949     429,2    2553,8    0,0300          
    18,282   2,51042     275,2    1604,0    0,0300          
    18,378   2,49746     211,8     996,0    0,0250          
    18,452   2,48747     177,4    1225,6    0,0350          
    18,753   2,44791     175,8     783,1    0,0250          
    18,835   2,43733     143,6    1384,9    0,0500          
    19,287   2,38082     211,4    1034,1    0,0250          
    19,639   2,33848     687,8    3426,4    0,0250          
    19,680   2,33371     517,4    2586,1    0,0250          
    19,716   2,32950     217,2     885,8    0,0250          
    19,819   2,31744    2730,5   16337,5    0,0300          
    19,887   2,30962     167,0     651,7    0,0200          
    19,961   2,30112    3248,1   12754,4    0,0200          
    19,975   2,29954    4696,5   23478,6    0,0250          
    20,035   2,29278     738,2    4426,0    0,0300          
    20,225   2,27142    5861,6   35169,3    0,0300          
    20,369   2,25548     155,6     776,0    0,0250          
    20,425   2,24947     267,5    1335,5    0,0250          
    20,585   2,23210    1299,7    7797,3    0,0300          
    20,677   2,22231     302,3    1485,1    0,0250          
    20,704   2,21948     343,1    1689,3    0,0250          
    20,875   2,20141     364,3    2183,4    0,0300          
    21,001   2,18838     305,0    1669,3    0,0300          
    21,120   2,17615     844,9    5061,7    0,0300          
    21,239   2,16413     521,6    3119,7    0,0300          
    21,294   2,15864     412,6    2446,2    0,0300          
    21,482   2,13999     678,2    3033,9    0,0250          
    21,528   2,13541     420,7    2481,6    0,0300          
    21,617   2,12676    2246,6   13302,6    0,0300          
    21,659   2,12267    1076,7    4280,0    0,0200          
    21,704   2,11833     786,3    3744,3    0,0250          
    21,752   2,11372    5020,2   29722,4    0,0300          
    21,890   2,10052    7767,5   46600,4    0,0300          
    22,007   2,08950     385,3    1827,9    0,0250          
    22,071   2,08347     349,0    1726,8    0,0250          
    22,099   2,08087     304,1    1212,9    0,0200          
    22,181   2,07335     210,4    1049,9    0,0250          
    22,226   2,06919     649,9    3893,2    0,0300          
    22,286   2,06370    1766,5   10575,4    0,0300          
    22,384   2,05477     297,4    1366,7    0,0250          
    22,450   2,04874    3229,5   16130,5    0,0250          
    22,481   2,04601    2753,5   13740,1    0,0250          
    22,499   2,04436    1812,0    6000,1    0,0200          
    22,580   2,03711    6788,7   40709,9    0,0300          
    22,787   2,01887     541,8    3187,8    0,0300          
    22,856   2,01289    2633,9   15774,7    0,0300          
    22,891   2,00979     961,2    4465,7    0,0250          
    22,967   2,00322     491,1    2395,2    0,0250          
    23,115   1,99057     700,4    4198,7    0,0300          
    23,171   1,98588     153,0     763,8    0,0250          
    23,223   1,98148     709,7    4000,1    0,0300          
    23,374   1,96889    2667,0   17616,3    0,0350          
    23,464   1,96143     819,6    4863,5    0,0300          
    23,608   1,94957    1074,3    5027,6    0,0250          
    23,645   1,94656     535,8    2142,1    0,0200          
    23,693   1,94271    2098,1    8141,7    0,0200          
    23,722   1,94037    3245,0   18603,9    0,0300          
    23,764   1,93701     761,8    3758,5    0,0200          
    23,810   1,93331    2634,8   15807,0    0,0300          
    23,959   1,92146     150,5     989,6    0,0400          
    24,021   1,91656     310,4    1333,8    0,0250          
    24,039   1,91512     412,5    2059,0    0,0250          
    24,090   1,91120    3556,4   21311,7    0,0300          
    24,150   1,90647     172,0     839,8    0,0300          
    24,252   1,89862     334,3    1992,5    0,0300          
    24,361   1,89021     350,0    1393,0    0,0200          
    24,396   1,88757     446,4    1781,3    0,0200          
    24,432   1,88480     899,4    4302,2    0,0250          
    24,522   1,87797    1566,4    7478,2    0,0250          
    24,610   1,87135    1251,4    7505,2    0,0300          
    24,682   1,86600    1092,5    5329,9    0,0250          
    24,712   1,86378     793,0    3052,5    0,0200          
    24,756   1,86052     526,2    2451,2    0,0250          
    24,800   1,85726     197,4     986,9    0,0250          
    24,889   1,85071    3219,9   19263,2    0,0300          
    24,986   1,84365     338,7    1679,8    0,0250          
    25,019   1,84127     285,0    1235,3    0,0250          
    25,049   1,83912     210,5     940,7    0,0250          
    25,115   1,83435    1292,8    7754,2    0,0300          
    25,182   1,82955     394,8    2279,0    0,0200          
    25,225   1,82645     911,9    6033,1    0,0350          
    25,293   1,82165     695,6    3375,8    0,0250          
    25,329   1,81911     215,0    1769,6    0,0200          
    25,396   1,81438    1453,9    8703,4    0,0300          
    25,464   1,80958     986,9    4914,5    0,0250          
    25,521   1,80562    2112,4   12612,9    0,0300          
    25,667   1,79551    2992,2   14430,0    0,0250          
    25,722   1,79176    1129,5    5580,3    0,0250          
    25,738   1,79064     707,1    2472,9    0,0200          
    25,835   1,78403     989,0    5932,0    0,0300          
    25,884   1,78071    2102,6   18881,3    0,0450          
    26,072   1,76810     523,6    3077,6    0,0300          
    26,155   1,76261     136,5     955,0    0,0350          
    26,252   1,75618     290,8    1674,1    0,0300          
    26,347   1,74998     619,8    5531,4    0,0450          
    26,463   1,74247     479,7    2336,7    0,0250          
    26,499   1,74011     435,0    2601,5    0,0300          
    26,557   1,73638     544,5    2674,5    0,0250          
    26,595   1,73395     356,2    1780,9    0,0250          
    26,693   1,72767     220,4    1084,3    0,0250          
    26,767   1,72301    1197,3    5641,8    0,0250          
    26,842   1,71825     418,6    2441,3    0,0300          
    26,979   1,70974    1239,1    8629,9    0,0350          
    27,043   1,70572     167,4     766,5    0,0250          
    27,096   1,70245     312,4    1858,2    0,0300          
    27,153   1,69894     792,4    3890,7    0,0250          
    27,283   1,69099     580,6    2865,8    0,0250          
    27,356   1,68658     157,8     832,1    0,0300          
    27,490   1,67854     136,8    1093,7    0,0400          
    27,604   1,67173     448,4    2667,7    0,0300          
    27,719   1,66495     431,2    2022,5    0,0250          
    27,755   1,66281     499,8    3498,8    0,0350          
    27,854   1,65699     986,8   10005,8    0,0550          
    27,874   1,65585     882,4    9667,1    0,0550          
    27,940   1,65202     510,4    3062,2    0,0300          
    27,991   1,64904     671,4    3809,0    0,0300          
    28,048   1,64579     346,9    1656,3    0,0250          
    28,080   1,64395     425,5    1782,8    0,0250          
    28,126   1,64133     235,2    1319,7    0,0300          
    28,175   1,63852     450,3    2701,9    0,0300          
    28,455   1,62272     120,7     724,4    0,0300          
    28,688   1,60983     504,4    3449,2    0,0350          
    28,797   1,60383      11,5    1016,3    0,0200          
    28,788   1,60434     121,8     603,3    0,0250          
    28,841   1,60146     273,8    1911,7    0,0350          
    28,892   1,59867     756,9    5204,7    0,0350          
    28,966   1,59468     269,8    1336,0    0,0250          
    29,013   1,59216     554,3    3267,7    0,0300          
    29,079   1,58863     423,7    2521,4    0,0300          
    29,155   1,58456     154,9     929,3    0,0300          
    29,236   1,58026     528,7    2961,9    0,0300          
    29,516   1,56561     360,3    1974,6    0,0300          
    29,707   1,55577     509,8    3431,9    0,0350          
    29,765   1,55282     279,5    1397,2    0,0250          
    29,832   1,54939     531,3    3063,8    0,0300          
    29,877   1,54710     335,2    1942,7    0,0300          
    30,020   1,53991     592,3    5330,1    0,0450          
    30,189   1,53149    1572,7    9406,7    0,0300          
    30,340   1,52406     260,2    1301,0    0,0250          
    30,399   1,52117     261,3    1406,2    0,0300          
    30,487   1,51686     433,9    2536,1    0,0300          
    30,521   1,51522     524,5    2608,8    0,0250          
    30,546   1,51400     315,9    1349,3    0,0250          
    30,718   1,50572     356,6    2396,4    0,0350          
    30,764   1,50355     831,9    4958,9    0,0300          
    30,861   1,49895     321,8    1604,1    0,0250          
    31,012   1,49181     550,8    3247,7    0,0300          
    31,043   1,49038     379,0    1473,4    0,0200          
    31,132   1,48618     362,3    2133,8    0,0300          
    31,181   1,48392     174,2     958,8    0,0300          
    31,389   1,47433     200,7    1172,5    0,0300          
    31,431   1,47242     325,0    1126,0    0,0200          
    31,461   1,47106     994,4    5955,7    0,0300          
    31,496   1,46947     229,3     859,1    0,0200          
    31,557   1,46667     925,7    6285,7    0,0350          
    32,006   1,44663     171,1     895,3    0,0300          
    32,057   1,44438     257,0    1485,0    0,0300          
    32,207   1,43785     181,1    1800,4    0,0500          
    32,270   1,43510     200,1    1199,9    0,0300          
    32,390   1,42992     155,2     665,9    0,0250          
    32,433   1,42811     361,6    1582,6    0,0250          
    32,529   1,42401     184,1    1113,5    0,0350          
    32,631   1,41964     324,1    1928,0    0,0300          
    32,674   1,41784    1100,7    6567,7    0,0300          
    32,785   1,41318    1424,1    8543,8    0,0300          
    32,950   1,40630     510,6    1767,0    0,0200          
    32,974   1,40528    1162,6    6967,1    0,0300          
    33,010   1,40382     681,1    3403,2    0,0250          
    33,056   1,40192     357,6    1992,1    0,0300          
    33,154   1,39786     340,2    3396,9    0,0500          
    33,374   1,38894     420,7    2500,1    0,0300          
    33,523   1,38293     607,1    6576,1    0,0550          
    33,604   1,37967     363,6    1579,3    0,0250          
    33,826   1,37088     274,4    1042,4    0,0250          
    33,831   1,37071     459,0    2290,4    0,0250          
    33,864   1,36941     334,8    1658,8    0,0250          
    33,912   1,36751     205,7     593,3    0,0200          
    33,952   1,36597     419,4    1651,4    0,0200          
    33,988   1,36454     697,5    3282,6    0,0250          
    34,033   1,36281     230,4    1551,0    0,0400          
    34,149   1,35830     448,4    2763,4    0,0350          
    34,233   1,35507     554,2    3275,8    0,0300          
    34,324   1,35158     445,0    3353,5    0,0400          
    34,406   1,34848     699,3    4881,9    0,0350          
    34,475   1,34586     146,9     734,0    0,0250          
    34,590   1,34151     481,9    2891,0    0,0300          
    34,609   1,34079     281,5    1143,1    0,0250          
    34,762   1,33506     279,8    1348,3    0,0250          
    34,810   1,33328     195,6    1202,5    0,0400          
    35,002   1,32621     264,6    1241,2    0,0250          
    35,040   1,32482     717,0    6137,4    0,0450          
    35,322   1,31455     428,0    1459,3    0,0250          
    35,306   1,31515     527,1    3733,1    0,0400          
    35,366   1,31298     215,2    1494,7    0,0350          
    35,422   1,31099     202,0    1184,2    0,0300          
    35,528   1,30721     327,2    1866,8    0,0300          
    35,611   1,30425     184,1     779,4    0,0250          
    35,745   1,29952    1628,1   12543,1    0,0450          
    35,873   1,29501     581,5    3776,8    0,0350          
    35,979   1,29132     394,5    2360,8    0,0300          
    36,056   1,28865     225,4    1382,1    0,0350          
    36,231   1,28266     178,8     733,4    0,0250          
    36,447   1,27531     285,9    1686,0    0,0300          
    36,734   1,26568     121,2     847,0    0,0350          
    36,811   1,26313     933,1    7162,5    0,0400          
    36,911   1,25982     641,6    3540,1    0,0350          
    36,954   1,25840     471,2    2495,7    0,0300          
    36,978   1,25761     317,9    1308,7    0,0200          
    37,054   1,25512     179,1     892,6    0,0250          
    37,130   1,25265     681,0    5633,5    0,0450          
    37,170   1,25136     147,3     646,1    0,0250          
    37,229   1,24943     173,6     565,9    0,0200          
    37,266   1,24825     305,6    1518,6    0,0250          
    37,299   1,24717     463,4    2144,6    0,0250          
    37,330   1,24619     419,8    2095,8    0,0250          
    37,396   1,24404     631,9    4029,9    0,0350          
    37,523   1,23999     574,5    3201,1    0,0300          
    37,579   1,23820     750,0    4493,6    0,0300          
    37,654   1,23584     267,3    1341,1    0,0300          
    37,722   1,23369     182,7     912,6    0,0300          
    37,775   1,23204     287,2     922,2    0,0200          
    37,811   1,23091     479,6    3023,5    0,0350          
    37,890   1,22842     352,6    2115,3    0,0300          
    37,962   1,22619     492,6    3410,1    0,0350          
    38,020   1,22438     216,7    1300,3    0,0300          
    38,065   1,22299     233,5    1289,7    0,0400          
    38,158   1,22013     183,7     879,9    0,0250          
    38,200   1,21881     266,5     977,5    0,0200          
    38,225   1,21807     352,8    2014,4    0,0300          
    38,283   1,21626     159,8     943,7    0,0300          
    38,420   1,21211     189,7     758,6    0,0200          
    38,454   1,21107     281,3    1649,7    0,0300          
    38,509   1,20942     154,6     758,0    0,0250          
    38,571   1,20754     323,5    2234,1    0,0400          
    38,664   1,20473     211,8    1267,5    0,0300          
    38,724   1,20294     159,7     953,2    0,0300          
    38,799   1,20070     149,0     892,1    0,0300          
    38,912   1,19736     472,6    2729,8    0,0300          
    38,951   1,19621     317,6    2856,5    0,0450          
    38,965   1,19578     289,5    2526,0    0,0450          
    39,017   1,19428     433,5    2580,5    0,0300          
    39,084   1,19231     624,6    3731,1    0,0300          
    39,157   1,19017     239,6     970,3    0,0200          
    39,179   1,18952     446,0    3923,0    0,0450          
    39,247   1,18754     360,6    2364,4    0,0350          
    39,311   1,18567     511,6    3300,6    0,0350          
    39,455   1,18154     312,3    2496,8    0,0400          
    39,524   1,17953     187,2    1308,5    0,0350          
    39,611   1,17707     208,3    1039,6    0,0250          
    39,981   1,16661     683,0    3237,5    0,0300          
    40,014   1,16569     403,5    1872,3    0,0250          
    40,116   1,16283     713,0    4248,1    0,0300          
    40,175   1,16120     516,8    3100,6    0,0300          
    40,220   1,15997     464,1    2318,2    0,0250          
    40,256   1,15895     370,4    1812,4    0,0250          
    40,313   1,15739     220,7     991,7    0,0300          
    40,340   1,15663     223,3    1456,9    0,0350          
    40,459   1,15338     149,5     643,5    0,0250          
    40,514   1,15188     146,7     878,9    0,0300          
    40,591   1,14979     134,8     605,9    0,0250          
    40,633   1,14865     223,2    1290,2    0,0300          
    40,715   1,14645     120,9     724,4    0,0300          
