   1.500   0.010  36.970     Sample 3 - sdpdrr2 - Wavelength 0.79764                   
     790     795     918     930     900     864     999    1018    1024    1069
     973    1069     955     973     992    1037     980    1050    1018    1056
     980    1018    1116    1136    1056     999    1109    1122    1089    1109
    1089    1082    1218    1176    1170    1102    1129    1136    1005    1218
    1183    1136    1204    1122    1246    1163    1176    1218    1129    1260
    1246    1163    1239    1190    1122    1260    1197    1318    1232    1197
    1163    1190    1246    1225    1142    1211    1176    1170    1170    1183
    1267    1076    1310    1149    1211    1204    1225    1218    1149    1211
    1156    1096    1204    1190    1253    1267    1197    1211    1253    1246
    1122    1149    1190    1211    1197    1260    1116    1156    1183    1170
    1176    1156    1176    1076    1170    1183    1232    1239    1190    1116
    1176    1183    1204    1204    1122    1170    1129    1204    1197    1082
    1197    1089    1197    1082    1225    1170    1129    1156    1129    1156
    1136    1176    1239    1183    1142    1218    1122    1170    1142    1116
    1176    1122    1129    1136    1142    1136    1116    1109    1204    1190
    1176    1232    1170    1116    1142    1197    1156    1136    1129    1163
    1082    1129    1142    1109    1102    1116    1176    1116    1156    1082
    1197    1109    1163    1129    1069    1142    1076    1069    1163    1082
    1170    1037    1163    1183    1183    1069    1156    1232    1142    1232
    1332    1576    2144    1190    1129    1096    1129    1109    1096    1005
    1024    1082    1024     967    1142    1116    1063    1043    1056    1056
    1030    1056    1005    1030    1018     992    1109    1037     967     942
     973    1056     973     999     955    1018     955    1037    1122     980
     930     961     961     986     973     973     955    1043     973    1005
     986     936     955    1024     967    1076     961     961     973     888
     949     980     918     894     870     912     870     912     936     900
     870     882     973     853     894     847    1018     906     906     864
     853     967     912     912     986     853     870     918     906     858
     853     894     924     864     906     876     894     864     864     853
     918     847     936     853     835     973     847     853     930     858
     906     876     812     864     858     924     858     858     841     858
     906     882     812     795     912     864     807     841     906     942
     894     876     847     888     847     847     829     847     924     955
    1109    1665    3422    8649   17796    3600    1529    1163    1037    1018
     961     900     835     900     870     847     942     924     835     812
     858     870     841     949     853     784     841     829     835     790
     864     853     818     835     835     807     876     762     829     795
     864     835     829     841     853     762     784     870     847     870
     864     824     858     894     853     853     829     853     858     876
     751     853     847     795     841     824     858     864     835     847
     807     894     795     824     824     835     858     847     864     801
     818     784     835     829     801     756     829     807     824     718
     807     853     847     829     767     858     818     751     801     936
     858     807     812     841     853     807     795     858     942    1089
    1568    3982   11946   22290    4160    1823    1232    1069    1037     870
     906    1005     882     882     818     835     767     778     773     767
     801     784     762     807     790     812     801     713     807     784
     756     784     795     841     807     767     778     773     790     818
     773     778     812     724     801     790     841     773     718     773
     795     829     795     713     790     824     801     767     756     756
     784     847     790     734     795     751     767     740     801     756
     790     767     756     858     790     773     778     795     734     784
     773     801     734     756     784     784     795     778     807     784
     790     724     745     762     812     900     784     790     767     835
     740     807     824     812     756     812     740     666     847     801
     778     724     724     812     734     790     795     835     734     773
     718     790     778     841     756     756     790     778     724     784
     801     801     795     818     918     692     795     818     795     829
     824     795     829     784     729     812     829     762     835     812
     724     829     790     812     841     801     756     778     807     767
     784     784     876     762     790     858     807     767     745     767
     795     790     778     835     864    1102    1156     858     745     864
     784     778     829     784     801     841     767     807     762     778
     853     762     870     767     847     824     818     847     801     888
     858     807     882     801     835     745     778     835     894     835
     778     756     767     812     853     841     784     745     835     751
     824     835     847     858     906     870     888     841     812     853
     790     812     858     882     818     745     835     858     807     912
     882     894     882     858     853     894     882     912    1260    1756
    1156     876     906     888     986     924     900     894     949     882
     824     841     906     870     818     906     894     924     906     888
     955     876     841     882     930     870     882     942     900     864
     900     864     918     949     955     894     936     906     924     864
     853     912     906     835     835     986     986     949     918     942
     942     973     980     930     949     949     942     936    1005     973
    1024    1050    1197    1376    2088    6561   21727   11621    3170    1781
    1452    1246    1089    1050    1056    1024     942    1037    1043     992
    1056     980     986     980     955     961    1011    1030    1005     961
    1037     961     961    1063    1024     961     955    1069    1011    1024
     986    1030     980    1063     973    1043    1011    1018     936     930
    1056    1069     912    1043    1089     967    1018    1005    1018    1037
    1056    1056    1024    1018    1037    1076    1122    1232    2079    3624
    1781    1163    1163    1142    1050    1050    1018    1030     986    1069
     949    1030    1024    1129    1076    1122    1063    1024    1037    1037
     967    1043    1024    1050    1076    1136    1089    1069    1096     973
    1096    1129    1109    1096    1109    1050    1116    1129    1043    1136
    1076    1156    1102    1109    1142    1096    1109    1129    1246    1260
    1376    1429    1560    1798    2352    3819   10120   46053  112829   33893
    8372    4147    2788    2172    1798    1568    1537    1347    1303    1239
    1332    1089    1129    1122    1176    1089    1156    1102    1156    1156
    1109    1102    1069    1082    1050    1109    1063    1183    1043    1142
    1043    1149    1109    1050    1076    1018    1142    1102    1225    1211
    1156    1116     992    1018    1069    1096    1122    1102    1129    1011
    1136    1018    1122    1122    1142    1109    1076    1030    1043    1050
    1076    1129    1030    1011    1109    1149    1024    1076    1037     973
    1024    1102    1102    1056    1089    1109    1011     999    1102    1082
     986    1069    1082    1142    1109    1136    1005    1109     992    1043
    1089    1096    1050    1116    1069    1096    1102    1122    1082    1163
    1096    1176    1239    1318    1681    2927   11236   21697    5898    2304
    1584    1429    1354    1282    1136    1225    1069    1156    1089    1024
    1082    1037    1069    1050    1102    1069    1129    1136    1082    1102
    1176    1170    1076    1102    1069    1082    1076    1063    1102    1163
    1102    1024    1037    1102    1109    1076    1156    1076    1102    1096
    1096    1163    1197    1282    1444    1823    3856   13995   16538    4264
    1945    1521    1362    1391    1190    1102    1156    1156    1082    1096
    1109    1239    1136    1089    1122    1050    1163    1102    1163    1109
    1102    1063    1129    1096    1156    1116    1082    1037    1102    1156
    1056    1063    1082    1069    1129    1170    1069    1096    1102    1076
    1136    1076    1225    1225    1391    2218    4624    3434    1552    1274
    1204    1082    1149    1149    1170    1129    1122    1204    1109    1136
    1170    1096    1076    1204    1136    1082    1170    1149    1109    1149
    1056    1122    1129    1183    1076    1136    1030    1197    1122    1136
    1102    1102    1102    1136    1149    1076    1037    1122    1136    1037
    1109    1232    1056    1122    1082    1109    1156    1142    1246    1163
    1005    1142    1142    1043    1211    1050    1069    1129    1170    1176
    1122    1116    1069    1076    1109    1096    1204    1089    1149    1163
    1156    1102    1102    1116    1089    1129    1102    1253    1163    1122
    1142    1163    1089    1170    1232    1122    1274    1592    3125    2632
    1436    1211    1096    1156    1170    1109    1232    1129    1170    1149
    1176    1156    1149    1096    1149    1102    1122    1190    1163    1136
    1102    1122    1204    1163    1232    1102    1142    1190    1176    1190
    1211    1102    1142    1102    1069    1183    1096    1204    1129    1218
    1340    1665    3147    2190    1414    1354    1232    1232    1218    1183
    1176    1116    1149    1129    1260    1122    1156    1142    1225    1176
    1082    1156    1163    1136    1197    1109    1089    1190    1142    1170
    1163    1149    1149    1218    1204    1156    1176    1149    1274    1253
    1303    1332    1552    2237    6675    7903    2905    1648    1391    1253
    1246    1204    1211    1176    1136    1149    1170    1082    1218    1211
    1225    1096    1116    1211    1183    1163    1142    1303    1211    1149
    1102    1176    1142    1197    1239    1163    1122    1204    1218    1253
    1183    1176    1310    1665    2540    8630   16256    5991    2560    1608
    1475    1354    1391    1310    1211    1239    1156    1170    1197    1197
    1225    1122    1156    1163    1136    1156    1156    1129    1190    1122
    1211    1239    1142    1122    1183    1190    1156    1211    1211    1190
    1204    1303    1354    1608    2490    7604   17187    6972    2694    1806
    1552    1429    1225    1325    1225    1274    1239    1197    1190    1156
    1211    1190    1260    1204    1204    1211    1170    1204    1163    1142
    1149    1197    1232    1190    1197    1109    1156    1211    1197    1211
    1246    1267    1303    1772    3944    8649    4679    2052    1505    1332
    1239    1211    1183    1156    1096    1211    1176    1156    1149    1116
    1089    1129    1170    1102    1096    1109    1142    1129    1129    1089
    1142    1122    1116    1122    1129    1156    1136    1102    1136    1136
    1156    1156    1722    3226    2401    1332    1170    1082    1089    1096
    1037    1069    1142    1069    1129    1102    1089    1102    1122    1116
    1030    1082    1050    1082    1089    1069    1142    1170    1089    1024
    1082    1030    1056    1030     999    1050    1102    1142    1163    1722
    3552    3721    1764    1211    1170    1069    1082    1102    1122    1063
    1102    1116    1136    1253    1303    1482    1384    1129    1082    1089
    1089    1056    1056    1011    1043    1005    1018    1050    1050    1024
    1030    1050    1011    1011    1102    1225    2079    3399    1989    1325
    1109    1102    1037    1030    1063    1096     986    1037    1011    1043
    1050    1018    1037    1037    1050     961     967     999    1011     992
    1005     967     973    1037    1018     999    1018     999     992    1043
    1056    1129    1892    2200    1310    1043    1024    1005    1011     986
     999     986    1030     980    1024     992     918     955     999     992
    1011     992     967     924     967     999     986    1037    1005     942
    1063     973    1005    1056    1024    1043    1475    2948    3411    1714
    1204    1082    1030    1030     961    1018    1018    1011    1063     973
     980     942     967     942     986     930     955     955     930     924
     967     942     942     999     924     936     967     967     973     942
     986    1170    1429    1122     967     942     930     906     949     967
     942     961     918     967     918     936     918     906     912     980
     924     936     912     980     967     936     930     942     955     973
     942     999     955    1122    1640    3856    4173    1936    1176    1069
     999     961     973     955     942     906     942     888     906     906
     955     894     906     955     912     955     918     949     930     900
     942     853     930     906     882     942     900     930    1149    1239
    1037     999     882     912     924     949     900     853     949     961
     936     841     961     888     894     900     900     906     912     936
     936     949     894     942     870     924     894     936     888     906
     900     936     900     900     900     847     930     888     853     912
     906     864     864     930     882     876     900     864     882     942
     912     900     876     967     900     894     876     864     876     864
     906     906     864     930     942     864     930     894     882     882
     900     949     870     906     864     853     829     906     870     906
     888     858     912     870     870     906     876     818     936     876
     876     906     930     986    1197    1183    1011     942     882     870
     900     870     882     912     864     858     894     900     870     876
     841     864     858     900     882     847     876     918     876     882
     882     900     888     870     894     853     829     986     912     906
     864     912     864     912     888     912     870     900     900     906
     912     912     882     906     918     918     853     930     841     888
     888     918     936     876    1005    1399    1739    1260     894     992
     936     924     882     894     924     930     900     942     942     876
     924     918     961     918     894     930     888     936     906     912
     918     888     955     912     942    1116    1204    1069     942     986
     912     858     858     924     906     888     894     888     882     894
     888     882     906     936     936     942     853     906     918     888
     882     888     918     973    1037    1521    1505    1050     930     900
     930     949     967     906     870     930     882     900     930     924
     888     894     918     894     824     930     942     936     900     912
     906     955     924     942    1170    1232    1030     961     967     882
     973     955     906     924     936     894     888     847     936     961
     900     942     936     900     942     936     924     918     900     949
     936     949    1096    1490    1568    1076     930     955     924     942
     888     894     912     894     918     876     918     894     949     955
     930     900     882     882     918     864     900     918     912     894
     961    1190    1318    1096     980     924     882     942     888     900
     894     894     894     912     888     864     973     876     906     847
     936     882     900     918     870     900     888     924     936     973
    1030     986     942     906     882     906     882     912     864     864
     894     930     882     924     918     888     930     864     918     894
     912     894     918     882     942     858     955    1030    1018     894
     930     900     894     918     918     900     858     900     900     912
     942     870     870     936     888     912     853     906     936     864
     930     918     906     992    1204    1616    1246     999     967     961
     870     936     847     882     870     930     918     870     900     912
     906     918     894     870     870     870     876     900     888     900
     853     936     980     888     967     894     847     918     882     864
     841     876     918     853     835     864     882     882     870     906
     858     900     870     882     894     870     918    1030    1303    1815
    1225    1037     918     888     924     894     841     888     870     835
     824     870     900     824     888     924     870     906     829     847
     912     835     882     824     870     858     864     858     918     801
     841     870     824     853     847     858     888     876     853     870
     853     900     870     918     900     912     912     980     894     876
     894    1011    1109     882     900     949     900     876     882     858
     841     847     801     870     882     835     847     818     829     829
     812     841     801     894     807     847     812     853     841     847
     835     784     900     818     812     835     864     829     790     858
     801     807     807     767     847     858     818     818     824     841
     876     784     949    1043     967     912     778     829     818     807
     882     801     858     807     824     847     812     841     812     818
     818     756     829     835     835     818     807     894     894     900
     841     824     812     870     807     778     858     847     807     870
     835     847     888     841     807     824     818     835     900     876
     858    1005    1260    2256    2480    1444    1030     900     864     807
     835     801     801     853     778     801     767     812     790     812
     818     847     841     841     807     801     824     900    1156    1043
     841     835     829     824     751     841     818     829     773     795
     835     795     818     807     824     767     818     835     784     841
     807     795     918     949     900     818     801     858     773     784
     801     841     818     767     818     784     835     829     801     824
     824     812     801     795     864     906     918    1232    1253     924
     912     795     807     829     790     835     790     847     853     790
     762     847     807     853     835     847     751     784     900     835
     876    1043    1063     949     858     818     801     790     847     767
     841     812     751     762     870     818     767     767     795     801
     778     858     930     767     930    1204    1399    1030     882     790
     864     829     870     858     784     778     818     824     847     762
     818     812     790     812     767     784     829     812     824     847
     841     778     784     812     784     812     795     801     864     829
     841     790     801     807     841     801     795     818     801     812
     824     824     795     795     812     801     790     795     870     795
     807     784     729     807     801     818     824     824     812     801
     773     847     824     790     801     801     906     924     829     824
     767     847     801     824     795     807     795     824     790     773
     818     790     795     858     790     795     807     835     812     756
     829     829     773     818     807     864     829     751     847     824
     773     807     784     778     801     824     858     745     801     858
     812     812     961     906     870     858     853     829     778     795
     847     812     807     812     824     773     784     767     762     795
     773     778     795     795     784     818     824     858     818     824
     829     841     778     841     767     790     818     740     824     847
     812     818     795     829     778     767     767     818     864     818
     778     801     724     835     841     812     818     784     756     778
     818     829     801     773     824     773     756     795     801     795
     829     812     858     734     824     829     740     773     812     818
     807     724     773     790     835     795     853     740     829     818
     841     930    1436    1505    1163     949     795     824     824     824
     795     853     778     767     778     790     795     778     812     773
     784     778     773     784     778     773     767     795     801     745
     807     784     778     829     784     847     801     841     784     756
     870     784     767     686     824     841     961    1050     918     841
     858     778     773     801     778     795     773     751     756     751
     790     751     745     807     807     790     745     835     918     936
     858     812     795     795     773     734     784     790     807     778
     773     784     795     790     824     818     767     790     882    1163
    1584    1340    1056     829     818     818     784     812     762     762
     773     718     801     751     790     734     745     745     773     767
     795     864     835     784     778     767     773     756     767     847
     718     734     767     767     767     784     778     745     740     801
     713     773     864     936     864     778     773     767     724     767
     718     692     740     767     740     784     756     801     745     773
     784     734     756     784     807     801     751     713     718     724
     745     734     773     801     702     795     713     729     751     729
     756     762     729     767     756     801     824     784     724     734
     734     740     745     702     795     718     740     718     713     740
     713     773     751     708     784     745     740     767     801     778
     778     740     692     745     740     740     702     734     718     767
     692     702     708     708     790     858    1076    1362    1063     835
     745     751     729     729     784     724     708     708     702     713
     734     702     751     692     692     729     702     734     702     784
     702     718     686     724     740     729     740     734     745     729
     702     724     724     724     790     734     807     930     999     847
     818     702     745     708     724     708     708     729     697     734
     724     676     724     681     729     745     708     767     824     853
     778     724     734     708     718     724     729     751     729     740
     745     734     666     692     718     697     713     713     784     762
     745     751     702     756     751     676     702     686     681     729
     718     724     697     734     702     745     718     671     681     713
     686     650     676     702     666     718     756     671     724     734
     702     655     708     702     681     686     718     724     740     745
     686     697     681     692     671     702     702     745     718     729
     718     666     686     718     697     666     713     713     778     778
     650     702     708     708     692     713     686     697     660     681
     724     671     697     713     676     686     734     734     790     795
     790     734     702     676     650     666     724     734     697     676
     692     681     692     708     718     713     681     745     762     767
     697     681     713     671     702     681     729     686     666     702
     729     640     702     666     708     692     713     708     724     713
     686     740     681     686     718     681     724     708     686     686
     666     692     708     718     729     702     686     697     650     697
     635     686     681     681     724     740     681     681     708     630
     666     681     729     692     751     697     734     686     635     767
     718     686     745     734     702     718     729     645     713     718
     708     718     708     708     697     676     676     625     718     718
     676     740     702     713     697     692     645     697     681     671
     702     666     708     729     671     745     660     740     724     692
     702     686     676     734     702     681     692     676     681     708
     702     645     729     697     718     660     640     702     676     676
     692     708     692     702     681     718     650     692     676     676
     671     773     671     708     713     708     671     692     729     692
     697     645     620     718     640     676     762     745     702     681
     708     697     681     676     697     729     686     745     708     718
     645     686     676     676     681     681     645     724     676     635
     660     671     671     740     713     697     645     708     740     686
     686     676     734     697     666     729     708     671     692     708
     681     729     686     692     681     708     640     645     702     692
     666     718     708     655     671     686     718     692     778     702
     734     686     681     655     697     655     666     666     650     718
     671     671     660     686     697     660     740     660     660     724
     660     708     666     660     686     686     610     615     686     713
     676     681     734     645     681     660     724     640     740     650
     655     605     676     660     692     666     708     734     729     660
     692     686     650     745     708     724     729     686     671     686
     676     724     671     671     702     660     740     702     702     660
     702     762     756     708     713     681     724     718     655     729
     671     666     724     692     702     713     640     692     681     702
     751     751     708     724     676     660     745     666     681     676
     600     635     660     681     713     718     734     734     751     686
     734     671     734     697     692     671     671     660     686     681
     692     660     671     702     702     734     784     692     708     724
     650     676     676     708     650     702     692     702     708     692
     660     702     708     697     724     666     671     645     676     655
     686     681     660     655     697     650     676     708     713     660
     610     713     671     676     686     713     666     655     681     671
     681     671     686     640     692     681     686     702     697     676
     686     681     713     645     671     655     625     702     671     635
     686     625     650     640     676     630     650     660     655     640
     681     681     671     692     671     625     630     655     645     650
     655     666     686     762     729     740     671     615     702     635
     671     650     645     630     681     655     660     660     635     615
     660     702     676     676     686     681     655     681     666     666
     686     650     666     660     655     666     708     681     676     686
     702     625     635     660     676     671     635     610     645     692
     666     645     660     655     645     640     686     686     666     708
     676     650     650     676     645     650     660     666     640     655
     635     630     671     686     620     666     666     660     681     671
     655     660     620     640     620     660     671     650     605     655
     635     655     605     625     610     666     640     630     625     671
     655     666     640     686     650     605     660     666     660     671
     600     635     595     645     692     610     630     630     655     655
     635     650     655     660     686     660     676     655     666     660
     655     645     640     615     625     650     645     605
